# E [GeV] - E^2.6 Flux - min - max
1.77620e+4   6.86920e+3 6.32245e+3 7.31007e+3
2.23646e+4   7.11074e+3 6.52970e+3 7.56711e+3
2.81597e+4   7.12714e+3 6.57499e+3 7.61959e+3
3.54565e+4   7.04551e+3 6.48472e+3 7.49770e+3
4.46440e+4   6.93279e+3 6.38098e+3 7.36077e+3
5.62122e+4   6.83762e+3 6.26445e+3 7.25972e+3
7.07780e+4   6.86920e+3 6.30790e+3 7.27646e+3
8.91182e+4   6.77489e+3 6.22130e+3 7.19312e+3
1.11862e+5   7.07805e+3 6.48472e+3 7.49770e+3
1.41287e+5   6.86920e+3 6.23565e+3 7.31007e+3
1.77344e+5   6.91684e+3 6.07960e+3 7.32693e+3
2.23298e+5   6.90092e+3 6.02383e+3 7.31007e+3
2.81159e+5   6.71274e+3 5.76583e+3 7.44605e+3
3.54013e+5   6.80618e+3 5.77913e+3 7.74348e+3
4.45746e+5   6.71274e+3 5.68668e+3 7.63717e+3
5.61248e+5   6.41045e+3 5.35604e+3 7.27646e+3
7.06679e+5   5.95484e+3 4.94110e+3 6.72823e+3
8.89795e+5   5.41809e+3 4.57935e+3 6.02383e+3
1.12036e+6   4.44423e+3 3.74761e+3 4.91838e+3
1.41067e+6   3.85266e+3 3.29399e+3 4.39333e+3
1.77620e+6   2.99708e+3 2.40239e+3 3.59537e+3
2.23646e+6   1.99341e+3 1.44050e+3 2.57430e+3
2.81597e+6   1.26323e+3 7.55706e+2 1.76021e+3
3.54565e+6   1.04336e+3 6.37250e+2 1.42073e+3