# E [GeV] - E^2.6 Flux - min - max (https://arxiv.org/abs/2108.03208)
1.12321e+4 1.13924e+4 9.48593e+3 1.23375e+4
1.41304e+4 1.17057e+4 9.56670e+3 1.25698e+4
1.78017e+4 1.19059e+4 9.66453e+3 1.26554e+4
2.24269e+4 1.16463e+4 9.50203e+3 1.23166e+4
2.82538e+4 1.10875e+4 8.98491e+3 1.19261e+4
3.54939e+4 1.04486e+4 8.18483e+3 1.16266e+4
4.47159e+4 9.84649e+3 7.39305e+3 1.13154e+4
5.63338e+4 8.96969e+3 6.79206e+3 1.09195e+4
7.09703e+4 8.01997e+3 6.13501e+3 1.05554e+4
8.92831e+4 7.20737e+3 5.43912e+3 1.02555e+4
1.12321e+5 6.57672e+3 4.98850e+3 1.01002e+4
1.41504e+5 6.37901e+3 4.69308e+3 9.96407e+3
1.78017e+5 6.49912e+3 4.17488e+3 9.71382e+3
2.24269e+5 6.53226e+3 3.68254e+3 9.68093e+3
